107-137_7mwr	7mwr-assembly1.cif.gz_A	1.000	30	0	0	1	30	109	138	7.291E-02	113
107-137_7mwr	5cwk-assembly1.cif.gz_A	0.758	29	7	0	1	29	108	136	8.489E-01	73
107-137_7mwr	7mwq-assembly2.cif.gz_B-2	0.750	28	7	0	2	29	144	171	1.309E+00	65
107-137_7mwr	6xt4-assembly1.cif.gz_A	0.571	28	12	0	2	29	20	47	2.332E+00	58
107-137_7mwr	7mwq-assembly2.cif.gz_C	0.750	28	7	0	2	29	144	171	2.695E+00	56
107-137_7mwr	6w2q-assembly1.cif.gz_A	0.571	28	12	0	2	29	16	43	4.156E+00	53
107-137_7mwr	6xns-assembly1.cif.gz_A	0.533	30	14	0	1	30	129	158	5.161E+00	50
107-137_7mwr	2xev-assembly1.cif.gz_A	0.375	24	14	0	7	30	91	114	5.547E+00	43
107-137_7mwr	6hs6-assembly1.cif.gz_A	0.222	27	20	0	4	30	8	34	4.801E+00	37
107-137_7mwr	6xns-assembly2.cif.gz_F	0.571	21	9	0	10	30	136	156	6.409E+00	36
107-137_7mwr	6h8f-assembly1.cif.gz_B	0.250	24	17	0	7	30	10	33	9.883E+00	32
