131-161_7mwr	6wxp-assembly3.cif.gz_F	0.192	26	20	0	4	29	67	92	3.576E+00	47
131-161_7mwr	7mwr-assembly1.cif.gz_B	0.800	20	4	0	10	29	187	206	2.888E+00	45
131-161_7mwr	6wxp-assembly3.cif.gz_E	0.206	29	22	0	1	29	53	81	9.687E+00	39
131-161_7mwr	8dy7-assembly1.cif.gz_I	0.192	26	20	0	6	31	159	184	4.754E+00	38
131-161_7mwr	7r81-assembly1.cif.gz_X2	0.137	29	22	0	3	29	32	60	5.481E+00	33
131-161_7mwr	6th6-assembly1.cif.gz_Aj	0.137	29	22	0	1	27	30	58	5.886E+00	32
131-161_7mwr	2zce-assembly1.cif.gz_A-2	0.160	25	20	0	7	31	169	193	7.824E+00	32
131-161_7mwr	7wtp-assembly1.cif.gz_SW	0.137	29	22	0	3	29	32	60	6.320E+00	31
131-161_7mwr	6qmb-assembly1.cif.gz_B	0.250	28	20	0	2	29	24	51	7.824E+00	31
131-161_7mwr	4v8m-assembly1.cif.gz_AJ	0.166	30	23	0	4	31	33	62	7.824E+00	30
131-161_7mwr	4jba-assembly1.cif.gz_B	0.214	28	20	0	2	29	64	90	7.287E+00	29
131-161_7mwr	8ova-assembly1.cif.gz_AU	0.178	28	21	0	2	29	42	68	7.824E+00	27
131-161_7mwr	4aih-assembly1.cif.gz_A	0.153	26	20	0	4	29	62	86	8.402E+00	26
131-161_7mwr	7dvs-assembly2.cif.gz_D	0.178	28	21	0	2	29	58	84	9.022E+00	25
131-161_7mwr	3lw9-assembly2.cif.gz_B	0.190	21	16	0	9	29	79	99	6.320E+00	25
131-161_7mwr	3njr-assembly1.cif.gz_A	0.162	37	25	0	1	31	137	173	9.022E+00	25
131-161_7mwr	3w90-assembly1.cif.gz_A	0.142	21	17	0	10	30	51	71	9.687E+00	25
131-161_7mwr	6dv1-assembly1.cif.gz_A-2	0.400	15	8	0	16	30	139	153	9.022E+00	22
131-161_7mwr	6aqp-assembly1.cif.gz_D	0.185	27	17	0	9	30	191	217	7.287E+00	22
131-161_7mwr	7xi6-assembly1.cif.gz_A	0.071	28	20	0	9	30	23	50	8.402E+00	20
131-161_7mwr	6y24-assembly1.cif.gz_A	0.285	28	16	0	7	29	25	52	9.687E+00	20
131-161_7mwr	6rqo-assembly1.cif.gz_A	0.190	21	16	0	10	30	54	74	9.687E+00	20
131-161_7mwr	7c49-assembly2.cif.gz_B	0.138	36	21	0	7	31	67	102	9.687E+00	19
