135-165_7mwr	7mwr-assembly1.cif.gz_B	0.793	29	6	0	3	31	184	212	3.095E-01	88
135-165_7mwr	6mrs-assembly1.cif.gz_A	0.700	30	9	0	2	31	11	40	2.687E-01	82
135-165_7mwr	6wxp-assembly3.cif.gz_E	0.233	30	22	0	2	31	58	87	1.948E+00	60
135-165_7mwr	6wxo-assembly1.cif.gz_B	0.233	30	22	0	2	31	89	118	2.091E+00	54
135-165_7mwr	6wxp-assembly2.cif.gz_C	0.233	30	22	0	2	31	76	105	3.196E+00	53
135-165_7mwr	6wmk-assembly2.cif.gz_C	0.133	30	25	0	2	31	20	49	3.196E+00	51
135-165_7mwr	6wxo-assembly1.cif.gz_A	0.241	29	21	0	2	30	79	107	2.775E+00	50
135-165_7mwr	4rjv-assembly2.cif.gz_C	0.166	30	24	0	2	31	21	50	3.952E+00	49
135-165_7mwr	6wxp-assembly2.cif.gz_D	0.233	30	22	0	2	31	73	102	4.887E+00	49
135-165_7mwr	6wxp-assembly1.cif.gz_B	0.233	30	22	0	2	31	76	105	4.553E+00	49
135-165_7mwr	6zv9-assembly1.cif.gz_A	0.233	30	22	0	2	31	74	103	4.887E+00	49
135-165_7mwr	4g1i-assembly2.cif.gz_B	0.133	30	25	0	2	31	129	158	3.431E+00	45
135-165_7mwr	4pww-assembly1.cif.gz_A-2	0.233	30	22	0	2	31	21	50	5.629E+00	44
135-165_7mwr	4grs-assembly1.cif.gz_C	0.107	28	24	0	2	29	16	43	5.629E+00	44
135-165_7mwr	4grs-assembly1.cif.gz_D	0.107	28	24	0	2	29	16	43	6.042E+00	43
135-165_7mwr	4grs-assembly1.cif.gz_B	0.107	28	24	0	2	29	16	43	6.485E+00	43
135-165_7mwr	6y2c-assembly1.cif.gz_A	0.225	31	21	0	3	30	22	52	2.585E+00	40
135-165_7mwr	3gr1-assembly10.cif.gz_H	0.133	30	25	0	2	31	131	160	5.629E+00	40
135-165_7mwr	1lfw-assembly1.cif.gz_A	0.153	26	21	0	2	27	238	263	4.887E+00	40
135-165_7mwr	6wmk-assembly2.cif.gz_D	0.100	30	26	0	2	31	20	49	9.237E+00	39
135-165_7mwr	3hz7-assembly1.cif.gz_A	0.259	27	19	0	2	27	44	70	6.485E+00	39
135-165_7mwr	3pg9-assembly2.cif.gz_E	0.107	28	24	0	2	29	16	43	7.471E+00	39
135-165_7mwr	3gr0-assembly2.cif.gz_B	0.133	30	25	0	2	31	132	161	7.471E+00	38
135-165_7mwr	7rjf-assembly2.cif.gz_B	0.172	29	23	0	2	30	19	47	6.961E+00	36
135-165_7mwr	3gr0-assembly3.cif.gz_C	0.133	30	25	0	2	31	116	145	8.019E+00	36
135-165_7mwr	5t7z-assembly1.cif.gz_A	0.200	30	22	0	2	31	4	31	2.244E+00	36
135-165_7mwr	2y9j-assembly1.cif.gz_Y	0.107	28	23	0	2	28	14	41	8.019E+00	35
135-165_7mwr	5jg9-assembly1.cif.gz_A	0.142	28	23	0	2	29	19	46	8.019E+00	34
135-165_7mwr	3gr1-assembly2.cif.gz_F-5	0.133	30	25	0	2	31	129	158	9.237E+00	34
135-165_7mwr	7mwq-assembly2.cif.gz_B-2	0.166	24	19	0	8	31	26	49	6.961E+00	34
135-165_7mwr	5bwk-assembly1.cif.gz_E	0.115	26	22	0	3	28	207	232	8.019E+00	33
135-165_7mwr	5epw-assembly1.cif.gz_A	0.115	26	22	0	6	31	58	83	5.629E+00	32
135-165_7mwr	7mwq-assembly2.cif.gz_C	0.096	31	26	0	2	31	19	49	9.915E+00	32
135-165_7mwr	3oaj-assembly1.cif.gz_A	0.125	24	20	0	4	27	94	117	9.915E+00	32
135-165_7mwr	5epw-assembly1.cif.gz_B	0.115	26	22	0	6	31	58	83	6.485E+00	31
135-165_7mwr	8smq-assembly1.cif.gz_A	0.105	19	16	0	12	30	16	34	8.019E+00	31
135-165_7mwr	7r6k-assembly1.cif.gz_q	0.178	28	22	0	2	29	14	41	6.961E+00	31
135-165_7mwr	4pwx-assembly1.cif.gz_C	0.115	26	22	0	3	28	201	226	8.606E+00	31
135-165_7mwr	2wpv-assembly1.cif.gz_A	0.115	26	22	0	3	28	204	229	9.237E+00	31
135-165_7mwr	6qmb-assembly1.cif.gz_B	0.269	26	18	0	2	27	28	53	5.629E+00	31
135-165_7mwr	2hh3-assembly1.cif.gz_A	0.161	31	23	0	3	30	22	52	7.471E+00	30
135-165_7mwr	4xgx-assembly1.cif.gz_A	0.192	26	19	0	4	28	256	281	5.629E+00	30
135-165_7mwr	4xgw-assembly1.cif.gz_C	0.192	26	19	0	4	28	273	298	5.629E+00	30
135-165_7mwr	4mmo-assembly1.cif.gz_B	0.208	24	18	0	4	27	24	47	6.961E+00	30
135-165_7mwr	7xxk-assembly1.cif.gz_B	0.148	27	21	0	6	31	54	80	6.042E+00	29
135-165_7mwr	7xxk-assembly2.cif.gz_C	0.148	27	21	0	6	31	55	81	4.887E+00	29
135-165_7mwr	2o18-assembly1.cif.gz_B	0.192	26	19	0	4	28	265	290	5.629E+00	29
135-165_7mwr	5noc-assembly1.cif.gz_B	0.114	35	26	0	2	31	4	38	9.915E+00	28
135-165_7mwr	1ztg-assembly1.cif.gz_A	0.064	31	27	0	2	31	23	53	9.915E+00	28
135-165_7mwr	7ce0-assembly2.cif.gz_B	0.148	27	21	0	6	31	57	83	6.042E+00	28
135-165_7mwr	7o4f-assembly2.cif.gz_D	0.206	29	19	0	3	27	35	63	6.042E+00	28
135-165_7mwr	6yun-assembly1.cif.gz_B	0.148	27	21	0	6	31	82	108	6.042E+00	28
135-165_7mwr	3lw9-assembly2.cif.gz_B	0.190	21	16	0	5	25	79	99	4.887E+00	28
135-165_7mwr	1vr6-assembly1.cif.gz_D	0.206	28	21	0	2	29	19	46	9.237E+00	28
135-165_7mwr	6qma-assembly1.cif.gz_B	0.269	26	18	0	2	27	28	53	9.915E+00	28
135-165_7mwr	7ce0-assembly1.cif.gz_D	0.148	27	21	0	6	31	57	83	8.019E+00	27
135-165_7mwr	7vbf-assembly1.cif.gz_A	0.153	26	20	0	6	30	63	88	8.019E+00	27
135-165_7mwr	6rol-assembly4.cif.gz_D	0.200	30	21	0	1	27	23	52	6.961E+00	27
135-165_7mwr	5bq9-assembly1.cif.gz_A	0.066	30	27	0	2	31	34	63	9.237E+00	27
135-165_7mwr	7xi6-assembly1.cif.gz_A	0.096	31	22	0	4	28	22	52	4.242E+00	26
135-165_7mwr	2p2r-assembly1.cif.gz_A	0.242	33	21	0	2	30	23	55	9.237E+00	26
135-165_7mwr	7xwx-assembly1.cif.gz_E	0.148	27	21	0	6	31	39	65	8.606E+00	26
135-165_7mwr	2cjr-assembly3.cif.gz_E	0.148	27	21	0	6	31	57	83	9.915E+00	26
135-165_7mwr	7o36-assembly2.cif.gz_D	0.148	27	21	0	6	31	58	84	8.606E+00	26
135-165_7mwr	1q7s-assembly3.cif.gz_A	0.120	25	21	0	2	26	66	90	8.606E+00	26
135-165_7mwr	6zco-assembly1.cif.gz_A	0.148	27	21	0	6	31	65	91	8.606E+00	26
135-165_7mwr	7un9-assembly1.cif.gz_G	0.125	24	20	0	4	27	135	158	6.961E+00	26
135-165_7mwr	3j9c-assembly1.cif.gz_A	0.176	17	13	0	12	28	132	148	9.915E+00	26
135-165_7mwr	4o66-assembly3.cif.gz_C	0.157	19	15	0	12	30	5	23	8.019E+00	25
135-165_7mwr	2dk8-assembly1.cif.gz_A	0.233	30	21	0	2	31	49	77	9.237E+00	25
135-165_7mwr	7f2e-assembly3.cif.gz_F	0.153	26	20	0	6	30	52	77	9.237E+00	25
135-165_7mwr	2cjr-assembly4.cif.gz_G	0.153	26	20	0	6	30	58	83	8.606E+00	25
135-165_7mwr	6cnf-assembly1.cif.gz_P	0.148	27	21	0	2	28	41	66	8.606E+00	25
135-165_7mwr	6usq-assembly1.cif.gz_A	0.047	42	28	0	2	31	160	201	7.471E+00	25
135-165_7mwr	8aa4-assembly1.cif.gz_B	0.176	17	13	0	12	28	518	534	4.887E+00	25
135-165_7mwr	7vkl-assembly1.cif.gz_A	0.160	25	20	0	3	27	27	51	6.961E+00	24
135-165_7mwr	6qey-assembly1.cif.gz_A	0.192	26	19	0	3	27	28	53	6.485E+00	24
135-165_7mwr	4m4w-assembly1.cif.gz_K	0.097	41	26	0	1	30	17	57	4.242E+00	24
135-165_7mwr	2pig-assembly1.cif.gz_A	0.235	17	12	0	11	27	7	23	7.471E+00	24
135-165_7mwr	4r7p-assembly1.cif.gz_D-2	0.066	30	24	0	2	28	314	343	5.629E+00	24
135-165_7mwr	1yfb-assembly1.cif.gz_A	0.093	32	24	0	4	31	21	52	9.237E+00	23
135-165_7mwr	3kta-assembly2.cif.gz_D	0.173	23	18	0	7	29	123	145	7.471E+00	23
135-165_7mwr	2pig-assembly1.cif.gz_B	0.235	17	12	0	11	27	7	23	8.606E+00	23
135-165_7mwr	7o9k-assembly1.cif.gz_C	0.148	27	21	0	3	28	204	230	9.915E+00	22
135-165_7mwr	3hm2-assembly1.cif.gz_C	0.093	32	23	0	3	28	127	158	9.915E+00	21
135-165_7mwr	3zlj-assembly1.cif.gz_A	0.035	28	22	0	4	27	44	71	9.915E+00	21
135-165_7mwr	2kzn-assembly1.cif.gz_A	0.157	19	15	0	12	30	75	93	9.915E+00	20
135-165_7mwr	3hm2-assembly1.cif.gz_B	0.117	34	23	0	2	28	127	160	7.471E+00	20
135-165_7mwr	4uca-assembly1.cif.gz_A	0.088	34	22	0	4	28	49	82	9.237E+00	20
135-165_7mwr	4ucb-assembly2.cif.gz_A	0.088	34	22	0	4	28	49	82	9.237E+00	20
135-165_7mwr	5zih-assembly1.cif.gz_A	0.200	30	22	0	2	29	249	278	9.237E+00	20
